t1[0]=0.418704;
t1[1]=0.8259;
t1[2]=0.910883;
t1[3]=0.902766;
t1[4]=0.928807;
t1[5]=0.398734;
t1[6]=0.997998;
t1[7]=0.921256;
t1[8]=0.823212;
t1[9]=0.987843;
t1[10]=0.368008;
t1[11]=0.688198;
t1[12]=0.824434;
t1[13]=0.851085;
t1[14]=0.829476;
t1[15]=0.41109;
t1[16]=0.865968;
t1[17]=0.924416;
t1[18]=0.901427;
t1[19]=0.954005;
t1[20]=0.777646;
t1[21]=0.688135;
t1[22]=0.928496;
t1[23]=0.984707;
t1[24]=0.794631;
t[0]=4.6187;
t[1]=5.2259;
t[2]=5.51088;
t[3]=5.70277;
t[4]=5.92881;

t[5]=4.79873;
t[6]=5.598;
t[7]=5.72126;
t[8]=5.82321;
t[9]=6.18784;

t[10]=4.96801;
t[11]=5.4882;
t[12]=5.82443;
t[13]=6.05109;
t[14]=6.22948;

t[15]=5.21109;
t[16]=5.86597;
t[17]=6.12442;
t[18]=6.30143;
t[19]=6.55401;

t[20]=5.77765;
t[21]=5.88813;
t[22]=6.3285;
t[23]=6.58471;
t[24]=6.59463;

